001
0010
00100
00101
00102
00104
00106
00107
00108
00109
0011
00110
00111
00112
00114
00115
00116
00117
00119
0012
00120
00121
00122
00123
00124
00125
00127
00129
0013
00130
00131
00133
00134
00135
00137
00138
00139
0014
00141
00142
00144
00145
00148
0015
00150
00151
00152
00153
00154
00155
00156
00157
00158
00159
00160
00162
00163
00164
00165
00166
00167
00168
00169
0017
00170
00171
00172
00173
00174
00175
00176
00178
00179
0018
00180
00181
00182
00184
00185
00186
00187
00188
00189
00190
00191
00194
00195
00196
00197
00198
00199
002
0020
00200
00201
00202
00204
00205
00206
00207
00209
0021
00210
00211
00212
00213
00215
00216
00217
00218
00220
00221
00222
00223
00224
00225
00226
00227
00228
00229
0023
00230
00231
00234
00235
00236
00237
00238
00239
0024
00240
00241
00246
00247
00248
00249
0025
00250
00251
00252
00254
00255
00256
00257
00258
0026
00261
00262
00263
00264
00265
00266
00267
00268
00269
0027
00270
00272
00273
00274
00275
00276
00277
00278
00279
0028
00280
00281
00282
00283
00287
00288
00289
0029
00292
00293
00294
00298
0030
00300
00301
00302
00303
00305
00306
00307
00308
0031
00310
00311
00312
00315
00316
00317
0032
00320
00321
00323
00324
00325
00326
00327
00329
0033
00330
00332
00333
00335
00336
00337
00338
00339
00340
00341
00342
00343
00344
00345
00346
00347
00348
00349
0035
00351
00352
00353
00355
00357
00358
00359
0036
00360
00361
00362
00367
00369
0037
00370
00371
00372
00373
00375
00378
0038
00381
00382
00383
00384
00386
00387
00388
00389
0039
00391
00392
00393
00394
00395
00396
00398
00399
004
0040
00400
00401
00402
00403
00404
00405
00406
00407
0041
00410
00411
00412
00413
00414
00415
00416
00417
00418
00419
00420
00421
00422
00423
00424
00426
00428
00429
0043
00432
00433
00434
00435
00436
00437
00438
00439
0044
00441
00442
00443
00444
00446
00447
00448
00450
00451
00452
00454
00456
00457
00458
00459
0046
00460
00461
00464
00465
00467
00468
00469
0047
00470
00471
00472
00473
00474
00475
00477
00478
00479
0048
00480
00483
00484
00487
00488
00489
0049
00490
00491
00492
00493
00494
00496
00498
005
0050
00500
00501
00502
00503
00504
00505
00506
00507
00508
00509
0051
00510
00511
00512
00513
00514
00515
00516
00518
0052
00520
00525
00526
00527
00528
0053
00530
00531
00533
00534
00535
00536
00537
00539
0054
00540
00541
00542
00543
00544
00545
00546
00547
00548
00549
0055
00550
00551
00552
00553
00554
00555
00556
00558
00559
0056
00560
00561
00563
00564
00565
00566
00567
00568
00569
0057
00570
00571
00572
00573
00574
00576
00577
00578
00579
0058
00580
00581
00582
00583
00585
00586
00588
00589
00590
00591
00592
00593
00594
00595
00596
00597
00598
00599
006
0060
00600
00601
00602
00603
00604
00606
00607
00608
00609
0061
00611
00612
00613
00614
00615
00616
00617
0062
00620
00621
00624
00625
00626
00627
00628
00629
0063
00630
00632
00634
00635
00637
00638
00639
0064
00640
00643
00644
00646
00647
00648
00649
0065
00650
00651
00652
00653
00654
00655
00656
00657
00658
00659
0066
00660
00661
00662
00663
00664
00665
00666
0069
007
0070
0071
0072
0073
0074
0075
0076
0077
0078
0079
008
0080
0081
0082
0085
0086
0089
009
0091
0095
0097
0098
0099
