0 0.34296875000000004 0.5819444444444445 0.1203125 0.09166666666666667
0 0.1375 0.5750000000000001 0.13125 0.08333333333333334
0 0.23984375000000002 0.5416666666666667 0.1234375 0.08611111111111111
0 0.062890625 0.46875 0.11484375000000001 0.0763888888888889
0 0.14296875 0.45833333333333337 0.0734375 0.05555555555555556
0 0.23046875 0.4666666666666667 0.0921875 0.05555555555555556
0 0.264453125 0.4548611111111111 0.05234375 0.04583333333333334
0 0.34453125 0.4701388888888889 0.0921875 0.059722222222222225
0 0.448046875 0.46875 0.08515625 0.0625
0 0.57265625 0.46597222222222223 0.08750000000000001 0.06527777777777778
0 0.6878906250000001 0.47222222222222227 0.08671875000000001 0.058333333333333334
0 0.8324218750000001 0.4826388888888889 0.08203125 0.04861111111111111
0 0.9496093750000001 0.4826388888888889 0.08984375 0.05416666666666667
0 0.6804687500000001 0.5833333333333334 0.1390625 0.09722222222222222
