4 0.6292968750000001 0.4465277777777778 0.08984375 0.09861111111111112
4 0.7132812500000001 0.31527777777777777 0.0765625 0.058333333333333334
4 0.597265625 0.3111111111111111 0.07109375 0.036111111111111115
4 0.398046875 0.29583333333333334 0.08203125 0.06944444444444445
4 0.35625 0.46319444444444446 0.10625000000000001 0.0763888888888889
4 0.41445312500000003 0.6020833333333333 0.10078125 0.09583333333333334
4 0.05078125 0.607638888888889 0.1 0.13472222222222222
4 0.8660156250000001 0.638888888888889 0.26796875000000003 0.375
1 0.32929687500000004 0.22291666666666668 0.14296875 0.1375
1 0.27109375 0.3923611111111111 0.1484375 0.14583333333333334
1 0.24921875000000002 0.5875 0.109375 0.2
