0 0.5684895833333333 0.40324074074074073 0.13177083333333334 0.11388888888888889
0 0.6875 0.3995370370370371 0.13645833333333332 0.1175925925925926
0 0.65546875 0.31203703703703706 0.0796875 0.040740740740740744
0 0.5135416666666667 0.3055555555555556 0.051041666666666666 0.05740740740740741
0 0.46770833333333334 0.3421296296296296 0.07291666666666667 0.0638888888888889
0 0.3651041666666667 0.3365740740740741 0.07083333333333333 0.058333333333333334
0 0.6341145833333334 0.6212962962962963 0.28072916666666664 0.2833333333333333
1 0.4002604166666667 0.4185185185185185 0.24427083333333333 0.8222222222222223
1 0.15078125 0.2800925925925926 0.09635416666666667 0.13611111111111113
0 0.3536458333333333 0.4398148148148148 0.0625 0.12222222222222223
