1 0.5924479166666666 0.5083333333333333 0.49322916666666666 0.5685185185185185
1 0.62109375 0.2351851851851852 0.10989583333333333 0.07962962962962963
1 0.48932291666666666 0.21435185185185185 0.0828125 0.09166666666666667
1 0.4588541666666667 0.15231481481481482 0.07916666666666666 0.04166666666666667
1 0.3846354166666667 0.19444444444444445 0.0828125 0.10925925925925926
1 0.046614583333333334 0.13425925925925927 0.08177083333333333 0.06296296296296297
0 0.9523437499999999 0.30833333333333335 0.0953125 0.07222222222222223
0 0.7966145833333333 0.31712962962962965 0.09010416666666667 0.09722222222222222
0 0.8330729166666666 0.47500000000000003 0.21197916666666666 0.17592592592592593
0 0.6622395833333333 0.3055555555555556 0.0640625 0.07777777777777778
0 0.6989583333333333 0.26805555555555555 0.046875 0.04722222222222222
0 0.5377604166666666 0.31342592592592594 0.0546875 0.08611111111111111
0 0.42161458333333335 0.8333333333333334 0.5276041666666667 0.33333333333333337
