1 0.047656250000000004 0.20694444444444446 0.08281250000000001 0.061111111111111116
1 0.6492187500000001 0.3041666666666667 0.0921875 0.1
1 0.440234375 0.5604166666666667 0.81171875 0.5986111111111111
1 0.521875 0.29583333333333334 0.06406250000000001 0.08333333333333334
1 0.35664062500000004 0.2881944444444445 0.10234375000000001 0.12083333333333333
0 0.567578125 0.3652777777777778 0.06015625 0.06666666666666667
0 0.507421875 0.4027777777777778 0.05078125 0.08055555555555556
0 0.66015625 0.40902777777777777 0.10625000000000001 0.1125
0 0.6953125 0.35625 0.053125000000000006 0.051388888888888894
0 0.891796875 0.39861111111111114 0.08203125 0.07222222222222223
0 0.743359375 0.47500000000000003 0.16171875000000002 0.12222222222222223
4 0.39765625000000004 0.8958333333333334 0.4265625 0.20833333333333334
