0 0.14296875 0.5921296296296297 0.28489583333333335 0.24166666666666667
0 0.253125 0.6606481481481482 0.21666666666666667 0.275
0 0.5635416666666666 0.08981481481481482 0.03125 0.02777777777777778
0 0.5375 0.09305555555555556 0.026041666666666668 0.026851851851851852
0 0.7388020833333333 0.07824074074074075 0.0265625 0.030555555555555558
0 0.7703125 0.07777777777777778 0.03125 0.03518518518518519
0 0.45677083333333335 0.10046296296296296 0.03125 0.021296296296296296
0 0.4421875 0.09166666666666667 0.025 0.024074074074074074
0 0.40911458333333334 0.10092592592592593 0.024479166666666666 0.020370370370370372
0 0.30390625 0.10416666666666667 0.0328125 0.021296296296296296
0 0.28880208333333335 0.08194444444444444 0.03802083333333333 0.04351851851851852
0 0.2703125 0.10231481481481482 0.02395833333333333 0.026851851851851852
0 0.22864583333333333 0.09583333333333334 0.03333333333333333 0.049074074074074076
0 0.21354166666666666 0.1087962962962963 0.04375 0.02314814814814815
0 0.95390625 0.33842592592592596 0.06822916666666666 0.049074074074074076
1 0.5158854166666667 0.6055555555555556 0.3182291666666667 0.6
