0 0.5066406250000001 0.5673611111111111 0.11015625000000001 0.08472222222222223
0 0.56953125 0.5333333333333333 0.0890625 0.05555555555555556
0 0.5066406250000001 0.4951388888888889 0.06328125 0.04861111111111111
0 0.42890625000000004 0.4861111111111111 0.07968750000000001 0.061111111111111116
0 0.3046875 0.5284722222222222 0.10312500000000001 0.06527777777777778
0 0.1 0.5145833333333334 0.040625 0.07083333333333333
0 0.544921875 0.4756944444444445 0.06796875000000001 0.05416666666666667
0 0.679296875 0.47222222222222227 0.06796875000000001 0.061111111111111116
0 0.788671875 0.45 0.022656250000000003 0.036111111111111115
0 0.851171875 0.48888888888888893 0.06484375 0.05277777777777778
0 0.8953125000000001 0.5041666666666667 0.053125000000000006 0.061111111111111116
0 0.9652343750000001 0.5097222222222222 0.06953125 0.06944444444444445
5 0.65 0.5527777777777778 0.010937500000000001 0.03333333333333333
1 0.788671875 0.4277777777777778 0.06953125 0.04722222222222222
1 0.362890625 0.42708333333333337 0.09296875 0.09305555555555556
0 0.52890625 0.4451388888888889 0.034375 0.029166666666666667
0 0.615234375 0.45416666666666666 0.030468750000000003 0.036111111111111115
0 0.5808593750000001 0.46111111111111114 0.03671875 0.04166666666666667
1 0.9296875 0.4027777777777778 0.05 0.07777777777777778
0 0.31328125 0.47500000000000003 0.0671875 0.05277777777777778
