5 0.346484375 0.74375 0.01640625 0.1375
5 0.30507812500000003 0.7854166666666667 0.025781250000000002 0.13472222222222222
5 0.48515625 0.7340277777777778 0.021875000000000002 0.11527777777777778
1 0.511328125 0.42986111111111114 0.35078125000000004 0.4430555555555556
1 0.9222656250000001 0.37777777777777777 0.15546875000000002 0.325
5 0.9078125 0.7138888888888889 0.025 0.1277777777777778
0 0.9597656250000001 0.6534722222222222 0.08046875 0.2013888888888889
0 0.534765625 0.6736111111111112 0.30078125 0.19722222222222224
0 0.166796875 0.71875 0.24921875000000002 0.27361111111111114
1 0.047656250000000004 0.4965277777777778 0.09375 0.2263888888888889
