1 0.5236979166666667 0.5833333333333334 0.36822916666666666 0.5666666666666667
1 0.6140625 0.2388888888888889 0.10104166666666667 0.0962962962962963
0 0.4861979166666667 0.1537037037037037 0.044270833333333336 0.05555555555555556
0 0.5401041666666666 0.2791666666666667 0.0375 0.08055555555555556
0 0.45677083333333335 0.23425925925925928 0.026041666666666668 0.06296296296296297
0 0.4510416666666667 0.28750000000000003 0.0375 0.06759259259259259
0 0.33671875 0.33425925925925926 0.0609375 0.12407407407407407
0 0.11901041666666666 0.3712962962962963 0.17552083333333332 0.14444444444444446
0 0.2203125 0.22546296296296298 0.042708333333333334 0.06018518518518519
0 0.26979166666666665 0.21481481481481482 0.030208333333333334 0.04814814814814815
0 0.2640625 0.11064814814814815 0.046875 0.04166666666666667
0 0.40651041666666665 0.12592592592592594 0.022395833333333334 0.040740740740740744
6 0.17005208333333333 0.2675925925925926 0.0390625 0.0462962962962963
