0 0.7153645833333333 0.6643518518518519 0.3411458333333333 0.3416666666666667
0 0.6932291666666667 0.3055555555555556 0.07291666666666667 0.0462962962962963
0 0.7385416666666667 0.375462962962963 0.10208333333333333 0.11018518518518519
0 0.5635416666666666 0.2967592592592593 0.05 0.04722222222222222
0 0.5265625 0.33194444444444443 0.07708333333333334 0.0712962962962963
0 0.35390625 0.3125 0.06197916666666667 0.05648148148148149
0 0.3065104166666667 0.3439814814814815 0.03697916666666667 0.0787037037037037
0 0.209375 0.2013888888888889 0.053125 0.030555555555555558
1 0.2526041666666667 0.18425925925925926 0.034375 0.07222222222222223
1 0.12838541666666667 0.2569444444444445 0.0984375 0.08055555555555556
1 0.2596354166666667 0.2791666666666667 0.10885416666666667 0.08425925925925926
1 0.42109375 0.4601851851851852 0.5526041666666667 0.8425925925925927
