0 0.18671875 0.06898148148148149 0.030729166666666665 0.04166666666666667
0 0.22447916666666667 0.08101851851851852 0.016666666666666666 0.030555555555555558
0 0.30078125 0.08194444444444444 0.07760416666666667 0.032407407407407406
0 0.496875 0.08055555555555556 0.03229166666666666 0.031481481481481485
0 0.5984375 0.07083333333333333 0.025 0.04537037037037037
0 0.6591145833333333 0.0699074074074074 0.033854166666666664 0.021296296296296296
0 0.8203125 0.06296296296296297 0.026041666666666668 0.022222222222222223
0 0.8721354166666666 0.0638888888888889 0.027604166666666666 0.018518518518518517
0 0.915625 0.05925925925925926 0.034375 0.024074074074074074
0 0.21875 0.6263888888888889 0.19270833333333334 0.2916666666666667
1 0.5182291666666666 0.5851851851851853 0.4708333333333333 0.5722222222222223
0 0.928125 0.3462962962962963 0.06354166666666666 0.04814814814814815
