5 0.32148437500000004 0.6180555555555556 0.01171875 0.08055555555555556
5 0.819921875 0.6305555555555555 0.013281250000000001 0.08888888888888889
5 0.847265625 0.6361111111111112 0.017968750000000002 0.08333333333333334
5 0.86640625 0.65625 0.015625 0.09861111111111112
1 0.31015625 0.44583333333333336 0.1953125 0.22222222222222224
1 0.5765625 0.48194444444444445 0.1875 0.2138888888888889
1 0.8480468750000001 0.545138888888889 0.17109375000000002 0.1486111111111111
0 0.9734375000000001 0.5958333333333333 0.053125000000000006 0.10555555555555556
0 0.8597656250000001 0.6013888888888889 0.11640625 0.09722222222222222
0 0.55078125 0.5805555555555556 0.096875 0.10555555555555556
0 0.45820312500000004 0.5729166666666667 0.08359375000000001 0.09305555555555556
0 0.256640625 0.5611111111111111 0.08984375 0.09722222222222222
0 0.15937500000000002 0.5729166666666667 0.060937500000000006 0.1125
1 0.044921875 0.4930555555555556 0.08828125 0.10277777777777779
5 0.04296875 0.5930555555555556 0.0171875 0.08055555555555556
