5 0.17500000000000002 0.58125 0.009375000000000001 0.07361111111111111
5 0.46953125 0.55625 0.009375000000000001 0.059722222222222225
5 0.8503906250000001 0.6291666666666667 0.01640625 0.06944444444444445
5 0.865234375 0.6319444444444444 0.00859375 0.06666666666666667
0 0.952734375 0.6326388888888889 0.09453125000000001 0.10972222222222222
0 0.638671875 0.5354166666666667 0.03828125 0.07083333333333333
0 0.53671875 0.5444444444444445 0.0703125 0.09722222222222222
0 0.29765625 0.9125000000000001 0.1703125 0.16111111111111112
0 0.158203125 0.5409722222222222 0.12890625 0.11805555555555557
0 0.26601562500000003 0.5402777777777777 0.08203125 0.12222222222222223
0 0.366796875 0.5388888888888889 0.10703125000000001 0.10833333333333334
0 0.46132812500000003 0.5402777777777777 0.047656250000000004 0.06666666666666667
0 0.03515625 0.5423611111111112 0.060937500000000006 0.09583333333333334
6 0.7562500000000001 0.6118055555555556 0.0484375 0.07361111111111111
6 0.796484375 0.5854166666666667 0.06171875 0.059722222222222225
