1 0.4622395833333333 0.44027777777777777 0.6307291666666667 0.5861111111111111
1 0.5768229166666666 0.14675925925925926 0.09322916666666667 0.10277777777777779
1 0.3684895833333333 0.12175925925925926 0.04010416666666666 0.08240740740740742
1 0.4669270833333333 0.2490740740740741 0.03802083333333333 0.08518518518518518
1 0.5161458333333333 0.2189814814814815 0.058333333333333334 0.058333333333333334
1 0.5729166666666666 0.20833333333333334 0.058333333333333334 0.05185185185185186
1 0.6307291666666667 0.22916666666666669 0.03854166666666667 0.07314814814814816
1 0.7119791666666666 0.2087962962962963 0.05416666666666667 0.03981481481481482
1 0.7736979166666667 0.2777777777777778 0.1296875 0.12592592592592594
0 0.40520833333333334 0.8402777777777778 0.50625 0.3194444444444445
