0 0.5286458333333334 0.8731481481481482 0.5458333333333333 0.2537037037037037
0 0.8302083333333333 0.33796296296296297 0.12916666666666665 0.10185185185185186
0 0.6190104166666667 0.2949074074074074 0.0609375 0.05277777777777778
0 0.6708333333333333 0.4361111111111111 0.153125 0.12407407407407407
0 0.75390625 0.2777777777777778 0.0484375 0.04259259259259259
1 0.109375 0.21342592592592594 0.078125 0.062037037037037036
1 0.4927083333333333 0.45462962962962966 0.8125 0.6314814814814815
1 0.7114583333333333 0.24305555555555555 0.11770833333333333 0.1175925925925926
1 0.5708333333333333 0.2337962962962963 0.06354166666666666 0.08796296296296297
1 0.49765624999999997 0.19074074074074074 0.043229166666666666 0.12222222222222223
