5 0.25234375 0.23101851851851854 0.0328125 0.13055555555555556
5 0.33489583333333334 0.22777777777777777 0.02395833333333333 0.11666666666666667
5 0.36015625 0.2351851851851852 0.0234375 0.10555555555555556
5 0.3953125 0.2212962962962963 0.025 0.13148148148148148
5 0.5846354166666666 0.32731481481481484 0.0296875 0.11018518518518519
5 0.6372395833333333 0.20231481481481484 0.011979166666666666 0.06759259259259259
1 0.5515625 0.4342592592592593 0.25729166666666664 0.7148148148148148
0 0.8742187499999999 0.29074074074074074 0.2515625 0.46851851851851856
6 0.7640625 0.21435185185185185 0.09583333333333333 0.06759259259259259
6 0.6546875 0.20833333333333334 0.06875 0.0462962962962963
6 0.71484375 0.2125 0.0265625 0.04537037037037037
