0 0.6630208333333333 0.22870370370370371 0.04479166666666667 0.04814814814814815
0 0.56328125 0.23935185185185187 0.06510416666666667 0.03796296296296296
0 0.57734375 0.33194444444444443 0.1203125 0.09722222222222222
0 0.71328125 0.25833333333333336 0.08489583333333334 0.06851851851851852
0 0.865625 0.3050925925925926 0.13020833333333334 0.10833333333333334
0 0.9625 0.28101851851851856 0.075 0.11388888888888889
0 0.8497395833333333 0.5750000000000001 0.2765625 0.3074074074074074
0 0.4109375 0.8537037037037037 0.521875 0.2925925925925926
1 0.44244791666666666 0.4087962962962963 0.6807291666666666 0.8009259259259259
1 0.58828125 0.18842592592592594 0.10989583333333333 0.11944444444444445
