1 0.4661458333333333 0.35000000000000003 0.409375 0.6166666666666667
1 0.4661458333333333 0.0462962962962963 0.13854166666666667 0.08333333333333334
1 0.30859375 0.047685185185185185 0.09114583333333333 0.09351851851851853
0 0.74453125 0.15694444444444444 0.11822916666666666 0.10648148148148148
0 0.6411458333333333 0.10370370370370371 0.078125 0.06481481481481481
0 0.5604166666666667 0.1087962962962963 0.06041666666666667 0.08240740740740742
0 0.5065104166666666 0.1375 0.06822916666666666 0.09907407407407408
0 0.46328125 0.08750000000000001 0.058854166666666666 0.04537037037037037
0 0.6971354166666667 0.4199074074074074 0.24114583333333334 0.275
0 0.928125 0.3527777777777778 0.14375 0.20370370370370372
0 0.9877604166666667 0.1685185185185185 0.024479166666666666 0.07407407407407407
0 0.61328125 0.8453703703703704 0.6859375 0.3092592592592593
