1 0.4395833333333333 0.4291666666666667 0.4895833333333333 0.8564814814814815
1 0.6046875 0.1925925925925926 0.09895833333333333 0.1462962962962963
0 0.6442708333333333 0.2240740740740741 0.03854166666666667 0.04814814814814815
0 0.6911458333333333 0.25277777777777777 0.06354166666666666 0.06851851851851852
0 0.84453125 0.24212962962962964 0.07864583333333333 0.062037037037037036
0 0.8333333333333334 0.3027777777777778 0.125 0.10370370370370371
0 0.5908854166666666 0.2828703703703704 0.07864583333333333 0.09166666666666667
0 0.4778645833333333 0.27870370370370373 0.033854166666666664 0.08148148148148149
0 0.8044270833333333 0.5837962962962964 0.3067708333333333 0.34351851851851856
0 0.4434895833333333 0.8652777777777778 0.5557291666666666 0.26944444444444443
